k    x^k (LU(sq))             |x* - x^k| (LU(sq)) x^k (Gauss)              |x* - x^k| (Gauss)  
------------------------------------------------------------------------------------------------------------------------
     1.000000                 0.000000            1.000000                 0.000000            
     2.000000                 0.000000            2.000000                 0.000000            
     3.000000                 0.000000            3.000000                 0.000000            
     4.000000                 0.000000            4.000000                 0.000000            
     5.000000                 0.000000            5.000000                 0.000000            
     6.000000                 0.000000            6.000000                 0.000000            
     7.000000                 0.000000            7.000000                 0.000000            
     8.000000                 0.000000            8.000000                 0.000000            
     9.000000                 0.000000            9.000000                 0.000000            
1    10.000000                0.000000            10.000000                0.000000            
------------------------------------------------------------------------------------------------------------------------
     1.000000                 0.000000            1.000000                 0.000000            
     2.000000                 0.000000            2.000000                 0.000000            
     3.000000                 0.000000            3.000000                 0.000000            
     4.000000                 0.000000            4.000000                 0.000000            
     5.000000                 0.000000            5.000000                 0.000000            
     6.000000                 0.000000            6.000000                 0.000000            
     7.000000                 0.000000            7.000000                 0.000000            
     8.000000                 0.000000            8.000000                 0.000000            
     9.000000                 0.000000            9.000000                 0.000000            
2    10.000000                0.000000            10.000000                0.000000            
------------------------------------------------------------------------------------------------------------------------
     1.000000                 0.000000            1.000000                 0.000000            
     2.000000                 0.000000            2.000000                 0.000000            
     3.000000                 0.000000            3.000000                 0.000000            
     4.000000                 0.000000            4.000000                 0.000000            
     5.000000                 0.000000            5.000000                 0.000000            
     6.000000                 0.000000            6.000000                 0.000000            
     7.000000                 0.000000            7.000000                 0.000000            
     8.000000                 0.000000            8.000000                 0.000000            
     9.000000                 0.000000            9.000000                 0.000000            
3    10.000000                0.000000            10.000000                0.000000            
------------------------------------------------------------------------------------------------------------------------
     1.000000                 0.000000            1.000000                 0.000000            
     2.000000                 0.000000            2.000000                 0.000000            
     3.000000                 0.000000            3.000000                 0.000000            
     4.000000                 0.000000            4.000000                 0.000000            
     5.000000                 0.000000            5.000000                 0.000000            
     6.000000                 0.000000            6.000000                 0.000000            
     7.000000                 0.000000            7.000000                 0.000000            
     8.000000                 0.000000            8.000000                 0.000000            
     9.000000                 0.000000            9.000000                 0.000000            
4    10.000000                0.000000            10.000000                0.000000            
------------------------------------------------------------------------------------------------------------------------
     1.000000                 0.000000            1.000000                 0.000000            
     2.000000                 0.000000            2.000000                 0.000000            
     3.000000                 0.000000            3.000000                 0.000000            
     4.000000                 0.000000            4.000000                 0.000000            
     5.000000                 0.000000            5.000000                 0.000000            
     6.000000                 0.000000            6.000000                 0.000000            
     7.000000                 0.000000            7.000000                 0.000000            
     8.000000                 0.000000            8.000000                 0.000000            
     9.000000                 0.000000            9.000000                 0.000000            
5    10.000000                0.000000            10.000000                0.000000            
