k    x^k (float)              |x* - x^k| (float)  x^k (double)             |x* - x^k| (double) x^k (mixed)              |x* - x^k| (mixed)  
--------------------------------------------------------------------------------------------------------------------------------------------
     1.000000                 0.000000            1.000000                 0.000000            1.000000                 0.000000            
     2.000000                 0.000000            2.000000                 0.000000            2.000001                 0.000001            
     3.000000                 0.000000            3.000000                 0.000000            3.000000                 0.000000            
     4.000000                 0.000000            4.000000                 0.000000            4.000000                 0.000000            
--------------------------------------------------------------------------------------------------------------------------------------------
     1.000000                 0.000000            1.000000                 0.000000            1.000005                 0.000005            
     1.999998                 0.000002            2.000000                 0.000000            1.999996                 0.000004            
     3.000000                 0.000000            3.000000                 0.000000            3.000001                 0.000001            
     4.000000                 0.000000            4.000000                 0.000000            3.999999                 0.000001            
--------------------------------------------------------------------------------------------------------------------------------------------
     0.999998                 0.000002            1.000000                 0.000000            0.999997                 0.000003            
1    2.000001                 0.000001            2.000000                 0.000000            2.000001                 0.000001            
     3.000000                 0.000000            3.000000                 0.000000            3.000000                 0.000000            
     4.000000                 0.000000            4.000000                 0.000000            4.000000                 0.000000            
--------------------------------------------------------------------------------------------------------------------------------------------
     0.999992                 0.000008            1.000000                 0.000000            0.999998                 0.000002            
     2.000004                 0.000004            2.000000                 0.000000            2.000001                 0.000001            
     2.999999                 0.000001            3.000000                 0.000000            3.000000                 0.000000            
     4.000001                 0.000001            4.000000                 0.000000            4.000000                 0.000000            
--------------------------------------------------------------------------------------------------------------------------------------------
     0.999990                 0.000010            1.000000                 0.000000            0.999989                 0.000011            
     2.000009                 0.000009            2.000000                 0.000000            2.000009                 0.000009            
     2.999998                 0.000002            3.000000                 0.000000            2.999998                 0.000002            
2    4.000001                 0.000001            4.000000                 0.000000            4.000001                 0.000001            
