

 итерация = 0:

1.94000000000000e+00
2.92000000000000e+00
3.96000000000000e+00
4.95000000000000e+00
0.00000000000000e+00
разность:

-9.40e-01
-9.20e-01
-9.60e-01
-9.50e-01
5.00e+00


 итерация = 1:

1.88100000000000e+00
2.84130000000000e+00
3.92040000000000e+00
4.90050000000000e+00
0.00000000000000e+00
разность:

-8.81e-01
-8.41e-01
-9.20e-01
-9.01e-01
5.00e+00


 итерация = 2:

1.82298600000000e+00
2.76388200000000e+00
3.88119600000000e+00
4.85149500000000e+00
0.00000000000000e+00
разность:

-8.23e-01
-7.64e-01
-8.81e-01
-8.51e-01
5.00e+00


 итерация = 3:

1.76594418000000e+00
2.68772823000000e+00
3.84238404000000e+00
4.80298005000000e+00
0.00000000000000e+00
разность:

-7.66e-01
-6.88e-01
-8.42e-01
-8.03e-01
5.00e+00


 итерация = 4:

1.70986089780000e+00
2.61282114720000e+00
3.80396019960000e+00
4.75495024950000e+00
0.00000000000000e+00
разность:

-7.10e-01
-6.13e-01
-8.04e-01
-7.55e-01
5.00e+00


 итерация = 5:

1.65472268682600e+00
2.53914343323300e+00
3.76592059760400e+00
4.70740074700500e+00
0.00000000000000e+00
разность:

-6.55e-01
-5.39e-01
-7.66e-01
-7.07e-01
5.00e+00


 итерация = 6:

1.60051625398170e+00
2.46667799143062e+00
3.72826139162796e+00
4.66032673953495e+00
0.00000000000000e+00
разность:

-6.01e-01
-4.67e-01
-7.28e-01
-6.60e-01
5.00e+00


 итерация = 7:

1.54722847752560e+00
2.39540794412096e+00
3.69097877771168e+00
4.61372347213960e+00
0.00000000000000e+00
разность:

-5.47e-01
-3.95e-01
-6.91e-01
-6.14e-01
5.00e+00


 итерация = 8:

1.49484640497323e+00
2.32531662995836e+00
3.65406898993456e+00
4.56758623741820e+00
0.00000000000000e+00
разность:

-4.95e-01
-3.25e-01
-6.54e-01
-5.68e-01
5.00e+00


 итерация = 9:

1.44335725102415e+00
2.25638760128459e+00
3.61752830003522e+00
4.52191037504402e+00
0.00000000000000e+00
разность:

-4.43e-01
-2.56e-01
-6.18e-01
-5.22e-01
5.00e+00


 итерация = 10:

1.39274839551356e+00
2.18860462152131e+00
3.58135301703487e+00
4.47669127129358e+00
0.00000000000000e+00
разность:

-3.93e-01
-1.89e-01
-5.81e-01
-4.77e-01
5.00e+00


 итерация = 11:

1.34300738138807e+00
2.12195166259316e+00
3.54553948686452e+00
4.43192435858065e+00
0.00000000000000e+00
разность:

-3.43e-01
-1.22e-01
-5.46e-01
-4.32e-01
5.00e+00


 итерация = 12:

1.29412191270555e+00
2.05641290238142e+00
3.51008409199587e+00
4.38760511499484e+00
0.00000000000000e+00
разность:

-2.94e-01
-5.64e-02
-5.10e-01
-3.88e-01
5.00e+00


 итерация = 13:

1.24607985265853e+00
1.99197272220766e+00
3.47498325107591e+00
4.34372906384489e+00
0.00000000000000e+00
разность:

-2.46e-01
8.03e-03
-4.75e-01
-3.44e-01
5.00e+00


 итерация = 14:

1.19886922162119e+00
1.92861570434713e+00
3.44023341856515e+00
4.30029177320644e+00
0.00000000000000e+00
разность:

-1.99e-01
7.14e-02
-4.40e-01
-3.00e-01
5.00e+00


 итерация = 15:

1.15247819521933e+00
1.86632662957160e+00
3.40583108437950e+00
4.25728885547438e+00
0.00000000000000e+00
разность:

-1.52e-01
1.34e-01
-4.06e-01
-2.57e-01
5.00e+00


 итерация = 16:

1.10689510242334e+00
1.80509047472114e+00
3.37177277353571e+00
4.21471596691963e+00
0.00000000000000e+00
разность:

-1.07e-01
1.95e-01
-3.72e-01
-2.15e-01
5.00e+00


 итерация = 17:

1.06210842366375e+00
1.74489241030473e+00
3.33805504580035e+00
4.17256880725044e+00
0.00000000000000e+00
разность:

-6.21e-02
2.55e-01
-3.38e-01
-1.73e-01
5.00e+00


 итерация = 18:

1.01810678896911e+00
1.68571779812918e+00
3.30467449534235e+00
4.13084311917793e+00
0.00000000000000e+00
разность:

-1.81e-02
3.14e-01
-3.05e-01
-1.31e-01
5.00e+00


 итерация = 19:

9.74878976125992e-01
1.62755218895611e+00
3.27162775038892e+00
4.08953468798615e+00
0.00000000000000e+00
разность:

2.51e-02
3.72e-01
-2.72e-01
-8.95e-02
5.00e+00


 итерация = 20:

9.32413908860843e-01
1.57038132018668e+00
3.23891147288503e+00
4.04863934110629e+00
0.00000000000000e+00
разность:

6.76e-02
4.30e-01
-2.39e-01
-4.86e-02
5.00e+00


 итерация = 21:

8.90700655043384e-01
1.51419111357375e+00
3.20652235815618e+00
4.00815294769523e+00
0.00000000000000e+00
разность:

1.09e-01
4.86e-01
-2.07e-01
-8.15e-03
5.00e+00


 итерация = 22:

8.49728424911389e-01
1.45896767296106e+00
3.17445713457462e+00
3.96807141821828e+00
0.00000000000000e+00
разность:

1.50e-01
5.41e-01
-1.74e-01
3.19e-02
5.00e+00


 итерация = 23:

8.09486569316528e-01
1.40469728204927e+00
3.14271256322888e+00
3.92839070403609e+00
0.00000000000000e+00
разность:

1.91e-01
5.95e-01
-1.43e-01
7.16e-02
5.00e+00


 итерация = 24:

7.69964577991074e-01
1.35136640218842e+00
3.11128543759659e+00
3.88910679699573e+00
0.00000000000000e+00
разность:

2.30e-01
6.49e-01
-1.11e-01
1.11e-01
5.00e+00


 итерация = 25:

7.31152077835198e-01
1.29896167019657e+00
3.08017258322062e+00
3.85021572902578e+00
0.00000000000000e+00
разность:

2.69e-01
7.01e-01
-8.02e-02
1.50e-01
5.00e+00


 итерация = 26:

6.93038831224639e-01
1.24746989620435e+00
3.04937085738842e+00
3.81171357173552e+00
0.00000000000000e+00
разность:

3.07e-01
7.53e-01
-4.94e-02
1.88e-01
5.00e+00


 итерация = 27:

6.55614734338509e-01
1.19687806152495e+00
3.01887714881453e+00
3.77359643601816e+00
0.00000000000000e+00
разность:

3.44e-01
8.03e-01
-1.89e-02
2.26e-01
5.00e+00


 итерация = 28:

6.18869815506979e-01
1.14717331654952e+00
2.98868837732639e+00
3.73586047165798e+00
0.00000000000000e+00
разность:

3.81e-01
8.53e-01
1.13e-02
2.64e-01
5.00e+00


 итерация = 29:

5.82794233578645e-01
1.09834297866745e+00
2.95880149355312e+00
3.69850186694140e+00
0.00000000000000e+00
разность:

4.17e-01
9.02e-01
4.12e-02
3.01e-01
5.00e+00


 итерация = 30:

5.47378276307327e-01
1.05037453021136e+00
2.92921347861759e+00
3.66151684827199e+00
0.00000000000000e+00
разность:

4.53e-01
9.50e-01
7.08e-02
3.38e-01
5.00e+00


 итерация = 31:

5.12612358758078e-01
1.00325561642652e+00
2.89992134383141e+00
3.62490167978927e+00
0.00000000000000e+00
разность:

4.87e-01
9.97e-01
1.00e-01
3.75e-01
5.00e+00


 итерация = 32:

4.78487021732183e-01
9.56974043464366e-01
2.87092213039310e+00
3.58865266299138e+00
0.00000000000000e+00
разность:

5.22e-01
1.04e+00
1.29e-01
4.11e-01
5.00e+00


 итерация = 33:

4.44992930210930e-01
9.11517776399809e-01
2.84221290908917e+00
3.55276613636146e+00
0.00000000000000e+00
разность:

5.55e-01
1.09e+00
1.58e-01
4.47e-01
5.00e+00


 итерация = 34:

4.12120871817929e-01
8.66874937272196e-01
2.81379077999828e+00
3.51723847499785e+00
0.00000000000000e+00
разность:

5.88e-01
1.13e+00
1.86e-01
4.83e-01
5.00e+00


 итерация = 35:

3.79861755299767e-01
8.23033803149496e-01
2.78565287219829e+00
3.48206609024787e+00
0.00000000000000e+00
разность:

6.20e-01
1.18e+00
2.14e-01
5.18e-01
5.00e+00


 итерация = 36:

3.48206609024787e-01
7.79982804215522e-01
2.75779634347631e+00
3.44724542934539e+00
0.00000000000000e+00
разность:

6.52e-01
1.22e+00
2.42e-01
5.53e-01
5.00e+00


 итерация = 37:

3.17146579499776e-01
7.37710521879913e-01
2.73021838004155e+00
3.41277297505194e+00
0.00000000000000e+00
разность:

6.83e-01
1.26e+00
2.70e-01
5.87e-01
5.00e+00


 итерация = 38:

2.86672929904362e-01
6.96205686910594e-01
2.70291619624113e+00
3.37864524530142e+00
0.00000000000000e+00
разность:

7.13e-01
1.30e+00
2.97e-01
6.21e-01
5.00e+00


 итерация = 39:

2.56777038642907e-01
6.55457177588474e-01
2.67588703427872e+00
3.34485879284840e+00
0.00000000000000e+00
разность:

7.43e-01
1.34e+00
3.24e-01
6.55e-01
5.00e+00


 итерация = 40:

2.27450397913691e-01
6.15454017884105e-01
2.64912816393593e+00
3.31141020491992e+00
0.00000000000000e+00
разность:

7.73e-01
1.38e+00
3.51e-01
6.89e-01
5.00e+00


 итерация = 41:

1.98684612295195e-01
5.76185375656065e-01
2.62263688229658e+00
3.27829610287072e+00
0.00000000000000e+00
разность:

8.01e-01
1.42e+00
3.77e-01
7.22e-01
5.00e+00


 итерация = 42:

1.70471397349277e-01
5.37640560870797e-01
2.59641051347361e+00
3.24551314184201e+00
0.00000000000000e+00
разность:

8.30e-01
1.46e+00
4.04e-01
7.54e-01
5.00e+00


 итерация = 43:

1.42802578241048e-01
4.99809023843669e-01
2.57044640833887e+00
3.21305801042359e+00
0.00000000000000e+00
разность:

8.57e-01
1.50e+00
4.30e-01
7.87e-01
5.00e+00


 итерация = 44:

1.15670088375249e-01
4.62680353500997e-01
2.54474194425548e+00
3.18092743031936e+00
0.00000000000000e+00
разность:

8.84e-01
1.54e+00
4.55e-01
8.19e-01
5.00e+00


 итерация = 45:

8.90659680489417e-02
4.26244275662793e-01
2.51929452481293e+00
3.14911815601616e+00
0.00000000000000e+00
разность:

9.11e-01
1.57e+00
4.81e-01
8.51e-01
5.00e+00


 итерация = 46:

6.29823631203230e-02
3.90490651346004e-01
2.49410157956480e+00
3.11762697445600e+00
0.00000000000000e+00
разность:

9.37e-01
1.61e+00
5.06e-01
8.82e-01
5.00e+00


 итерация = 47:

3.74115236934718e-02
3.55409475087984e-01
2.46916056376915e+00
3.08645070471144e+00
0.00000000000000e+00
разность:

9.63e-01
1.64e+00
5.31e-01
9.14e-01
5.00e+00


 итерация = 48:

1.23458028188455e-02
3.20990873289989e-01
2.44446895813146e+00
3.05558619766433e+00
0.00000000000000e+00
разность:

9.88e-01
1.68e+00
5.56e-01
9.44e-01
5.00e+00


 итерация = 49:

-1.22223447906575e-02
2.87225102580446e-01
2.42002426855015e+00
3.02503033568768e+00
0.00000000000000e+00
разность:

1.01e+00
1.71e+00
5.80e-01
9.75e-01
5.00e+00


 итерация = 50:

-3.63003640282524e-02
2.54102548197765e-01
2.39582402586465e+00
2.99478003233081e+00
0.00000000000000e+00
разность:

1.04e+00
1.75e+00
6.04e-01
1.01e+00
5.00e+00


 итерация = 51:

-5.98956006466164e-02
2.21613722392479e-01
2.37186578560600e+00
2.96483223200750e+00
0.00000000000000e+00
разность:

1.06e+00
1.78e+00
6.28e-01
1.04e+00
5.00e+00


 итерация = 52:

-8.30153024962102e-02
1.89749262848479e-01
2.34814712774994e+00
2.93518390968742e+00
0.00000000000000e+00
разность:

1.08e+00
1.81e+00
6.52e-01
1.06e+00
5.00e+00


 итерация = 53:

-1.05666620748747e-01
1.58499931123120e-01
2.32466565647244e+00
2.90583207059055e+00
0.00000000000000e+00
разность:

1.11e+00
1.84e+00
6.75e-01
1.09e+00
5.00e+00


 итерация = 54:

-1.27856611105984e-01
1.27856611105984e-01
2.30141899990772e+00
2.87677374988464e+00
0.00000000000000e+00
разность:

1.13e+00
1.87e+00
6.99e-01
1.12e+00
5.00e+00


 итерация = 55:

-1.49592234994002e-01
9.78103074960773e-02
2.27840480990864e+00
2.84800601238580e+00
0.00000000000000e+00
разность:

1.15e+00
1.90e+00
7.22e-01
1.15e+00
5.00e+00


 итерация = 56:

-1.70880360743148e-01
6.83521442972586e-02
2.25562076180955e+00
2.81952595226194e+00
0.00000000000000e+00
разность:

1.17e+00
1.93e+00
7.44e-01
1.18e+00
5.00e+00


 итерация = 57:

-1.91727764753812e-01
3.94733633316666e-02
2.23306455419146e+00
2.79133069273932e+00
0.00000000000000e+00
разность:

1.19e+00
1.96e+00
7.67e-01
1.21e+00
5.00e+00


 итерация = 58:

-2.12141132648189e-01
1.11653227709567e-02
2.21073390864954e+00
2.76341738581193e+00
0.00000000000000e+00
разность:

1.21e+00
1.99e+00
7.89e-01
1.24e+00
5.00e+00


 итерация = 59:

-2.32127060408202e-01
-1.65805043148721e-02
2.18862656956305e+00
2.73578321195381e+00
0.00000000000000e+00
разность:

1.23e+00
2.02e+00
8.11e-01
1.26e+00
5.00e+00


 итерация = 60:

-2.51692055499751e-01
-4.37725313912615e-02
2.16674030386742e+00
2.70842537983427e+00
0.00000000000000e+00
разность:

1.25e+00
2.04e+00
8.33e-01
1.29e+00
5.00e+00


 итерация = 61:

-2.70842537983427e-01
-7.04190598756916e-02
2.14507290082874e+00
2.68134112603593e+00
0.00000000000000e+00
разность:

1.27e+00
2.07e+00
8.55e-01
1.32e+00
5.00e+00


 итерация = 62:

-2.89584841611880e-01
-9.65282805372939e-02
2.12362217182045e+00
2.65452771477557e+00
0.00000000000000e+00
разность:

1.29e+00
2.10e+00
8.76e-01
1.35e+00
5.00e+00


 итерация = 63:

-3.07925214913966e-01
-1.22108274879677e-01
2.10238595010225e+00
2.62798243762781e+00
0.00000000000000e+00
разность:

1.31e+00
2.12e+00
8.98e-01
1.37e+00
5.00e+00


 итерация = 64:

-3.25869822265849e-01
-1.47167016507158e-01
2.08136209060123e+00
2.60170261325153e+00
0.00000000000000e+00
разность:

1.33e+00
2.15e+00
9.19e-01
1.40e+00
5.00e+00


 итерация = 65:

-3.43424744949203e-01
-1.71712372474602e-01
2.06054846969521e+00
2.57568558711902e+00
0.00000000000000e+00
разность:

1.34e+00
2.17e+00
9.39e-01
1.42e+00
5.00e+00


 итерация = 66:

-3.60595982196663e-01
-1.95752104621046e-01
2.03994298499826e+00
2.54992873124783e+00
0.00000000000000e+00
разность:

1.36e+00
2.20e+00
9.60e-01
1.45e+00
5.00e+00


 итерация = 67:

-3.77389452224679e-01
-2.19293870887314e-01
2.01954355514828e+00
2.52442944393535e+00
0.00000000000000e+00
разность:

1.38e+00
2.22e+00
9.80e-01
1.48e+00
5.00e+00


 итерация = 68:

-3.93810993253915e-01
-2.42345226617794e-01
1.99934811959680e+00
2.49918514949600e+00
0.00000000000000e+00
разность:

1.39e+00
2.24e+00
1.00e+00
1.50e+00
5.00e+00


 итерация = 69:

-4.09866364517344e-01
-2.64913625846576e-01
1.97935463840083e+00
2.47419329800104e+00
0.00000000000000e+00
разность:

1.41e+00
2.26e+00
1.02e+00
1.53e+00
5.00e+00


 итерация = 70:

-4.25561247256178e-01
-2.87006422568121e-01
1.95956109201682e+00
2.44945136502103e+00
0.00000000000000e+00
разность:

1.43e+00
2.29e+00
1.04e+00
1.55e+00
5.00e+00


 итерация = 71:

-4.40901245703785e-01
-3.08630871992650e-01
1.93996548109665e+00
2.42495685137082e+00
0.00000000000000e+00
разность:

1.44e+00
2.31e+00
1.06e+00
1.58e+00
5.00e+00


 итерация = 72:

-4.55891888057714e-01
-3.29794131786431e-01
1.92056582628569e+00
2.40070728285711e+00
0.00000000000000e+00
разность:

1.46e+00
2.33e+00
1.08e+00
1.60e+00
5.00e+00


 итерация = 73:

-4.70538627439993e-01
-3.50503263297138e-01
1.90136016802283e+00
2.37670021002854e+00
0.00000000000000e+00
разность:

1.47e+00
2.35e+00
1.10e+00
1.62e+00
5.00e+00


 итерация = 74:

-4.84846842845822e-01
-3.70765232764452e-01
1.88234656634260e+00
2.35293320792825e+00
0.00000000000000e+00
разность:

1.48e+00
2.37e+00
1.12e+00
1.65e+00
5.00e+00


 итерация = 75:

-4.98821840080790e-01
-3.90586912516090e-01
1.86352310067918e+00
2.32940387584897e+00
0.00000000000000e+00
разность:

1.50e+00
2.39e+00
1.14e+00
1.67e+00
5.00e+00


 итерация = 76:

-5.12468852686773e-01
-4.09975082149419e-01
1.84488786967238e+00
2.30610983709048e+00
0.00000000000000e+00
разность:

1.51e+00
2.41e+00
1.16e+00
1.69e+00
5.00e+00


 итерация = 77:

-5.25793042856629e-01
-4.28936429698830e-01
1.82643899097566e+00
2.28304873871957e+00
0.00000000000000e+00
разность:

1.53e+00
2.43e+00
1.17e+00
1.72e+00
5.00e+00


 итерация = 78:

-5.38799502337820e-01
-4.47477552789037e-01
1.80817460106590e+00
2.26021825133238e+00
0.00000000000000e+00
разность:

1.54e+00
2.45e+00
1.19e+00
1.74e+00
5.00e+00


 итерация = 79:

-5.51493253325101e-01
-4.65604959774470e-01
1.79009285505524e+00
2.23761606881905e+00
0.00000000000000e+00
разность:

1.55e+00
2.47e+00
1.21e+00
1.76e+00
5.00e+00


 итерация = 80:

-5.63879249342402e-01
-4.83325070864916e-01
1.77219192650469e+00
2.21523990813086e+00
0.00000000000000e+00
разность:

1.56e+00
2.48e+00
1.23e+00
1.78e+00
5.00e+00


 итерация = 81:

-5.75962376114025e-01
-5.00644219237576e-01
1.75447000723964e+00
2.19308750904956e+00
0.00000000000000e+00
разность:

1.58e+00
2.50e+00
1.25e+00
1.81e+00
5.00e+00


 итерация = 82:

-5.87747452425281e-01
-5.17568652135696e-01
1.73692530716725e+00
2.17115663395906e+00
0.00000000000000e+00
разность:

1.59e+00
2.52e+00
1.26e+00
1.83e+00
5.00e+00


 итерация = 83:

-5.99239230972701e-01
-5.34104531953929e-01
1.71955605409558e+00
2.14944506761947e+00
0.00000000000000e+00
разность:

1.60e+00
2.53e+00
1.28e+00
1.85e+00
5.00e+00


 итерация = 84:

-6.10442399203930e-01
-5.50257937310585e-01
1.70236049355462e+00
2.12795061694327e+00
0.00000000000000e+00
разность:

1.61e+00
2.55e+00
1.30e+00
1.87e+00
5.00e+00


 итерация = 85:

-6.21361580147436e-01
-5.66034864106912e-01
1.68533688861907e+00
2.10667111077384e+00
0.00000000000000e+00
разность:

1.62e+00
2.57e+00
1.31e+00
1.89e+00
5.00e+00


 итерация = 86:

-6.32001333232153e-01
-5.81441226573581e-01
1.66848351973288e+00
2.08560439966610e+00
0.00000000000000e+00
разность:

1.63e+00
2.58e+00
1.33e+00
1.91e+00
5.00e+00


 итерация = 87:

-6.42366155097160e-01
-5.96482858304506e-01
1.65179868453555e+00
2.06474835566944e+00
0.00000000000000e+00
разность:

1.64e+00
2.60e+00
1.35e+00
1.94e+00
5.00e+00


 итерация = 88:

-6.52460480391544e-01
-6.11165513278155e-01
1.63528069769020e+00
2.04410087211275e+00
0.00000000000000e+00
разность:

1.65e+00
2.61e+00
1.36e+00
1.96e+00
5.00e+00


 итерация = 89:

-6.62288682564531e-01
-6.25494866866501e-01
1.61892789071330e+00
2.02365986339162e+00
0.00000000000000e+00
разность:

1.66e+00
2.63e+00
1.38e+00
1.98e+00
5.00e+00


 итерация = 90:

-6.71855074646018e-01
-6.39476516831753e-01
1.60273861180616e+00
2.00342326475770e+00
0.00000000000000e+00
разность:

1.67e+00
2.64e+00
1.40e+00
2.00e+00
5.00e+00


 итерация = 91:

-6.81163910017620e-01
-6.53115984311012e-01
1.58671122568810e+00
1.98338903211013e+00
0.00000000000000e+00
разность:

1.68e+00
2.65e+00
1.41e+00
2.02e+00
5.00e+00


 итерация = 92:

-6.90219383174325e-01
-6.66418714789003e-01
1.57084411343122e+00
1.96355514178903e+00
0.00000000000000e+00
разность:

1.69e+00
2.67e+00
1.43e+00
2.04e+00
5.00e+00


 итерация = 93:

-6.99025630476893e-01
-6.79390079059004e-01
1.55513567229691e+00
1.94391959037114e+00
0.00000000000000e+00
разность:

1.70e+00
2.68e+00
1.44e+00
2.06e+00
5.00e+00


 итерация = 94:

-7.07586730895094e-01
-6.92035374172125e-01
1.53958431557394e+00
1.92448039446742e+00
0.00000000000000e+00
разность:

1.71e+00
2.69e+00
1.46e+00
2.08e+00
5.00e+00


 итерация = 95:

-7.15906706741882e-01
-7.04359824375078e-01
1.52418847241820e+00
1.90523559052275e+00
0.00000000000000e+00
разность:

1.72e+00
2.70e+00
1.48e+00
2.09e+00
5.00e+00


 итерация = 96:

-7.23989524398645e-01
-7.16368582036555e-01
1.50894658769402e+00
1.88618323461752e+00
0.00000000000000e+00
разность:

1.72e+00
2.72e+00
1.49e+00
2.11e+00
5.00e+00


 итерация = 97:

-7.31839095031599e-01
-7.28066728562364e-01
1.49385712181708e+00
1.86732140227135e+00
0.00000000000000e+00
разность:

1.73e+00
2.73e+00
1.51e+00
2.13e+00
5.00e+00


 итерация = 98:

-7.39459275299454e-01
-7.39459275299454e-01
1.47891855059891e+00
1.84864818824863e+00
0.00000000000000e+00
разность:

1.74e+00
2.74e+00
1.52e+00
2.15e+00
5.00e+00


 итерация = 99:

-7.46853868052448e-01
-7.50551164428946e-01
1.46412936509292e+00
1.83016170636615e+00
0.00000000000000e+00
разность:

1.75e+00
2.75e+00
1.54e+00
2.17e+00
5.00e+00
